 254       0 zram0 0 0 0 0 0 0 0 0 0 0 0
 254       1 zram1 0 0 0 0 0 0 0 0 0 0 0
  31       0 mtdblock0 4 28 128 10 0 0 0 0 0 10 10
  31       1 mtdblock1 4 16 80 30 0 0 0 0 0 30 30
  31       2 mtdblock2 4 12 128 10 0 0 0 0 0 10 10
  31       3 mtdblock3 4 12 128 30 0 0 0 0 0 30 30
  31       4 mtdblock4 4 12 128 30 0 0 0 0 0 30 30
  31       5 mtdblock5 4 124 128 40 0 0 0 0 0 40 40
  31       6 mtdblock6 352 12449 25602 5620 0 0 0 0 0 5560 5620
  31       7 mtdblock7 235 7382 15202 3580 0 0 0 0 0 3550 3580
  31       8 mtdblock8 4 0 4 0 0 0 0 0 0 0 0
  31       9 mtdblock9 4 12 128 30 0 0 0 0 0 30 30
 179       0 mmcblk0 2575 18962 22360 2600 2835 17602 90610 133980 0 8000 136580
 179       1 mmcblk0p1 2555 18859 21415 2550 2835 17602 90610 133980 0 7960 136530
